""
Prefix = M6
Suffix
EQC
EQD
EQE
EQF
EQG
EQH
EQI
EQJ
EQK
EQL
EQM
EQN
EQO
EQP
EQQ
EQR
EQS
EQT
EQU
EQV
EQW
EQX
EQY
EQZ
ERA
ERE
ERG
ERI
ERO
ERQ
ERX
ERY
ESE
ESF
ESJ
ESK
ESN
ESO
ESQ
ESV
ESX
ESZ
ETB
ETD
ETF
ETI
ETK
ETL
ETQ
ETS
ETT
ETU
ETV
ETW
ETY
ETZ
EUA
EUB
EUC
EUE
EUF
EUG
EUH
EUI
EUJ
EUK
EUL
EUM
EUO
EUP
EUQ
EUT
EUU
EUV
EUW
EUX
EUY
EUZ
EVF
EVG
EVH
EVI
EVJ
EVK
EVM
EVP
EVQ
EVU
EVV
EVX
EVY
EVZ
EWC
EWH
EWI
EWJ
EWK
EWL
EWN
EWO
EWQ
EWU
EWV
EWY
EXA
EXB
EXC
EXD
EXF
EXG
EXH
EXI
EXJ
EXK
EXL
EXM
EXN
EXO
EXQ
EXR
EXS
EXU
EXV
EXW
EXZ
EYA
EYB
EYC
EYD
EYF
EYG
EYH
EYI
EYJ
EYK
EYL
EYO
EYP
EYQ
EYS
EYU
EYV
EYW
EYX
EYY
EYZ
EZA
EZB
EZC
EZD
EZF
EZG
EZH
EZJ
EZK
EZL
EZM
EZN
EZO
EZP
EZQ
EZR
EZS
EZT
EZU
EZV
EZW
EZX
FBJ
FBM
FBN
FBO
FBQ
FBR
FBT
FBV
FBW
FBX
FBY
FBZ
FCA
FCB
FCD
FCF
FCI
FCJ
FCK
FCM
FCN
FCO
FCP
FCQ
FCR
FCT
FCW
FCX
FCY
FDD
FDF
FDG
FDH
FDI
FDJ
FDK
FDL
FDM
FDN
FDO
FDP
FDQ
FDT
FDU
FDV
FDW
FDY
FDZ
FEC
FEF
FEH
FEI
FEJ
FEM
FEO
FEQ
FEU
FEV
FEX
FFA
FFB
FFE
FFG
FFI
FFJ
FFK
FFL
FFN
FFO
FFP
FFQ
FFU
FFV
FFW
FFX
FFY
FFZ
FGA
FGB
FGC
FGD
FGE
FGF
FGI
FGJ
FGK
FGL
FGM
FGN
FGO
FGQ
FGR
FGS
FGT
FGU
FGV
FGX
FGZ
FHA
FHB
FHD
FHE
FHF
FHG
FHJ
FHK
FHL
FHN
FHO
FHP
FHQ
FHS
FHT
FHU
FHV
FHX
FHY
FIB
FID
FIE
FIF
FIH
FII
FIJ
FIK
FIM
FIO
FIP
FIQ
FIU
FIV
FIW
FIY
FJD
FJE
FJF
FJG
FJH
FJI
FJK
FJL
FJM
FJN
FJO
FJP
FJQ
FJS
FJT
FJU
FJV
FJW
FJX
FJZ
FKA
FKB
FKC
FKD
FKE
FKF
FKG
FKH
FKI
FKL
FKN
FKO
FKP
FKQ
FKR
FKS
FKT
FKV
FKW
FKX
FKY
FKZ
FLF
FLJ
FLL
FLM
FLP
FLQ
FLR
FLS
FLU
FLV
FLW
FLZ
FMB
FMF
FMH
FMI
FMK
FMN
FMP
FMQ
FMR
FMT
FMV
FMW
FMX
FMY
FMZ
FNA
FNC
FND
FNE
FNF
FNH
FNI
FNJ
FNL
FNN
FNO
FNP
FNQ
FNS
FNT
FNU
FNV
FNW
FNX
FNY
FNZ
FOB
FOE
FOH
FOI
FOK
FOL
FOM
FON
FOQ
FOT
FOV
FOW
FPA
FPB
FPH
FPI
FPJ
FPL
FPM
FPN
FPP
FPQ
FPR
FPT
FPU
FPW
FPX
FPY
FPZ
FQA
FQB
FQD
FQE
FQF
FQG
FQH
FQI
FQJ
FQK
FQL
FQM
FQN
FQO
FQP
FQQ
FQR
FQS
FQT
FQU
FQV
FQW
FQX
FQY
FQZ
FRB
FRF
FRH
FRI
FRJ
FRL
FRM
FRN
FRP
FRQ
FRR
FRW
FRX
FRZ
FSA
FSD
FSE
FSF
FSH
FSI
FSL
FSN
FSO
FSQ
FSS
FSU
FSV
FSW
FSY
FSZ
FTA
FTB
FTC
FTE
FTH
FTI
FTQ
FTR
FTT
FTU
FUD
FUE
FUF
FUG
FUH
FUI
FUJ
FUL
FUM
FUP
FUQ
FUT
FUV
FUW
FUY
FVA
FVB
FVC
FVD
FVE
FVF
FVG
FVH
FVI
FVJ
FVK
FVL
FVM
FVN
FVO
FVP
FVQ
FVR
FVT
FVU
FVV
FVW
FVX
FVZ
FWB
FWC
FWD
FWG
FWH
FWI
FWJ
FWL
FWM
FWN
FWO
FWP
FWQ
FWT
FWU
FWV
FWW
FWX
FWZ
FXA
FXC
FXD
FXE
FXG
FXH
FXI
FXJ
FXK
FXL
FXM
FXN
FXO
FXP
FXQ
FXS
FXU
FXV
FXW
FXX
FXZ
FYA
FYC
FYD
FYE
FYF
FYG
FYH
FYJ
FYK
FYM
FYN
FYO
FYP
FYQ
FYR
FYS
FYT
FYU
FYW
FYX
FYY
FZA
FZB
FZC
FZD
FZE
FZG
FZH
FZI
FZJ
FZK
FZL
FZM
FZN
FZO
FZP
FZQ
FZT
FZU
FZV
FZX
FZY
FZZ
GEX
GEY
GFA
GFE
GFF
GFG
GFI
GFJ
GFK
GFM
GFN
GFP
GFQ
GFR
GFS
GFT
GFU
GFV
GFZ
GGF
GGI
GGJ
GGK
GGL
GGN
GGO
GGQ
GGR
GGU
GGV
GGX
GHA
GHC
GHG
GHH
GHJ
GHK
GHM
GHN
GHQ
GHR
GHS
GHV
GHX
GHY
GID
GIF
GII
GIJ
GIK
GIO
GIQ
GIS
GIU
GIV
GIW
GIY
GJA
GJD
GJF
GJG
GJH
GJI
GJL
GJQ
GJU
GJV
GJX
GJY
GJZ
GKE
GKF
GKH
GKI
GKJ
GKK
GKL
GKO
GKQ
GKR
GKT
GKU
GKV
GKZ
GLJ
GLK
GLL
GLP
GLQ
GLZ
GMQ
GMS
GMU
GMV
GNB
GNC
GNE
GNF
GNH
GNI
GNJ
GNQ
GNS
GNV
GNX
GNY
GOC
GOE
GOI
GOJ
GOP
GOQ
GOS
GOU
GOX
GOY
GPD
GPI
GPJ
GPM
GPN
GPP
GPQ
GPT
GPV
GPY
GQA
GQC
GQD
GQE
GQF
GQG
GQH
GQI
GQJ
GQK
GQL
GQM
GQN
GQO
GQP
GQQ
GQR
GQS
GQT
GQU
GQV
GQW
GQX
GQY
GQZ
GRQ
GSC
GSH
GSN
GSQ
GSV
GSZ
GTK
GTN
GTQ
GTT
GTU
GTZ
GUA
GUB
GUC
GUE
GUF
GUG
GUJ
GUK
GUL
GUM
GUO
GUP
GUQ
GUU
GUW
GUX
GVA
GVB
GVD
GVE
GVG
GVH
GVI
GVJ
GVK
GVL
GVM
GVP
GVQ
GVR
GVU
GVV
GVX
GVY
GWD
GWI
GWJ
GWL
GWN
GWP
GWQ
GWU
GWV
GWX
GWZ
GXB
GXC
GXD
GXE
GXF
GXG
GXH
GXI
GXJ
GXK
GXL
GXM
GXN
GXP
GXQ
GXR
GXS
GXT
GXU
GXV
GXX
GXY
GXZ
GYC
GYD
GYE
GYF
GYG
GYH
GYI
GYJ
GYK
GYL
GYQ
GYR
GYS
GYU
GYX
GYY
GYZ
GZA
GZB
GZC
GZD
GZF
GZG
GZH
GZI
GZJ
GZK
GZL
GZN
GZP
GZQ
GZR
GZS
GZU
GZV
GZW
GZX
HBF
HBI
HBJ
HBM
HBN
HBP
HBQ
HBU
HBV
HBW
HBX
HBY
HBZ
HCA
HCB
HCC
HCE
HCG
HCI
HCK
HCN
HCO
HCT
HCU
HCV
HCX
HCY
HCZ
HDE
HDG
HDH
HDI
HDN
HDO
HDP
HDQ
HDT
HDU
HDV
HDY
HEI
HEJ
HEK
HEO
HEQ
HET
HEU
HEZ
HFE
HFF
HFH
HFI
HFL
HFM
HFN
HFO
HFP
HFS
HFU
HFV
HFX
HFY
HFZ
HGA
HGC
HGD
HGE
HGF
HGH
HGI
HGM
HGN
HGO
HGP
HGQ
HGR
HGS
HGT
HGU
HGX
HGY
HGZ
HHA
HHB
HHC
HHD
HHE
HHF
HHG
HHI
HHJ
HHK
HHL
HHM
HHN
HHO
HHP
HHQ
HHR
HHT
HHU
HHV
HHW
HHX
HHY
HHZ
HIA
HIE
HIF
HIH
HII
HIJ
HIK
HIN
HIO
HIP
HIR
HIS
HIU
HIW
HIY
HIZ
HJC
HJE
HJF
HJG
HJH
HJI
HJJ
HJK
HJN
HJO
HJQ
HJU
HJV
HJX
HJY
HJZ
HKB
HKD
HKE
HKF
HKH
HKI
HKJ
HKK
HKM
HKO
HKP
HKQ
HKR
HKS
HKT
HKU
HKV
HKW
HKZ
HLA
HLE
HLF
HLG
HLH
HLI
HLK
HLL
HLM
HLN
HLP
HLQ
HLR
HLS
HLU
HLV
HLW
HLX
HME
HMF
HMI
HMK
HMM
HMO
HMQ
HMT
HMU
HMZ
HNA
HND
HNF
HNG
HNH
HNI
HNJ
HNK
HNL
HNM
HNN
HNO
HNP
HNQ
HNR
HNS
HNT
HNU
HNV
HNW
HNX
HNY
HOE
HOF
HOH
HOI
HOO
HOQ
HOV
HOX
HOY
HOZ
HPB
HPD
HPE
HPF
HPI
HPJ
HPK
HPM
HPN
HPP
HPQ
HPS
HPT
HPU
HPV
HPZ
HQA
HQB
HQC
HQD
HQE
HQF
HQG
HQH
HQI
HQJ
HQK
HQL
HQM
HQN
HQP
HQQ
HQR
HQS
HQT
HQU
HQV
HQW
HQX
HQY
HRA
HRB
HRE
HRG
HRK
HRP
HRQ
HRU
HRX
HSA
HSF
HSH
HSI
HSJ
HSL
HSM
HSN
HSO
HSP
HSQ
HSS
HSU
HSW
HSX
HSY
HSZ
HTA
HTB
HTD
HTE
HTF
HTI
HTK
HTO
HTP
HTQ
HTT
HTU
HTV
HUB
HUF
HUI
HUL
HUO
HUP
HUQ
HUU
HUV
HUX
HUY
HVA
HVB
HVC
HVD
HVF
HVG
HVH
HVI
HVJ
HVK
HVL
HVM
HVO
HVP
HVQ
HVR
HVU
HVV
HVW
HVX
HVY
HVZ
HWA
HWB
HWD
HWE
HWF
HWG
HWH
HWI
HWJ
HWL
HWN
HWO
HWQ
HWR
HWT
HWU
HWV
HWX
HWY
HWZ
HXA
HXB
HXD
HXE
HXF
HXG
HXH
HXJ
HXK
HXL
HXM
HXN
HXO
HXP
HXQ
HXR
HXS
HXT
HXU
HXV
HXW
HXX
HXZ
HYA
HYB
HYC
HYD
HYE
HYF
HYG
HYH
HYI
HYJ
HYK
HYL
HYN
HYO
HYQ
HYR
HYS
HYU
HYV
HYX
HYY
HYZ
HZA
HZB
HZC
HZD
HZF
HZG
HZH
HZI
HZJ
HZK
HZM
HZN
HZO
HZP
HZQ
HZR
HZT
HZU
HZV
HZW
HZX
HZY
HZZ
IAG
IAO
IAT
IAU
IAW
IAX
IAY
IBA
IBD
IBE
IBF
IBH
IBI
IBJ
IBK
IBL
IBN
IBO
IBP
IBQ
IBR
IBT
IBU
IBV
IBW
IBX
IBY
ICA
ICD
ICF
ICG
ICI
ICJ
ICL
ICM
ICR
ICV
ICX
ICZ
IDD
IDH
IDI
IDJ
IDL
IDO
IDS
IDU
IDV
IDW
IDY
IEA
IEB
IEC
IEE
IEG
IEH
IEI
IEJ
IEK
IEL
IEM
IEN
IEP
IEQ
IES
IET
IEU
IEV
IEW
IEX
IEY
IEZ
IFA
IFB
IFC
IFD
IFE
IFF
IFG
IFI
IFJ
IFK
IFL
IFN
IFP
IFQ
IFR
IFS
IFT
IFU
IFV
IFX
IFY
IFZ
IGA
IGC
IGD
IGE
IGF
IGG
IGH
IGI
IGL
IGN
IGO
IGP
IGQ
IGR
IGS
IGT
IGU
IGV
IGX
IGY
IHA
IHB
IHD
IHE
IHF
IHG
IHH
IHI
IHJ
IHK
IHM
IHN
IHO
IHP
IHQ
IHR
IHS
IHT
IHU
IHV
IHW
IHX
IHY
IHZ
IIA
IIB
IID
IIE
IIF
IIG
IIH
IIJ
IIK
IIL
IIM
IIN
IIP
IIQ
IIS
IIT
IIU
IIV
IIW
IIX
IIY
IIZ
IJC
IJE
IJF
IJG
IJI
IJK
IJL
IJN
IJO
IJR
IJT
IJU
IJV
IJX
IJY
IJZ
IKB
IKC
IKF
IKG
IKH
IKI
IKJ
IKK
IKL
IKN
IKP
IKQ
IKR
IKS
IKT
IKU
IKV
IKW
IKX
IKY
IKZ
ILC
ILD
ILE
ILG
ILI
ILJ
ILK
ILQ
ILT
ILU
ILV
ILX
ILZ
IMB
IME
IMG
IMK
IML
IMN
IMQ
IMU
IMV
IMY
IMZ
INA
INB
INC
INF
INH
INJ
INL
INP
INQ
INR
INU
INY
INZ
IOB
IOC
IOD
IOE
IOF
IOG
IOH
IOI
IOJ
IOL
IOO
IOP
IOQ
IOR
IOT
IOV
IOX
IOY
IOZ
IPB
IPE
IPF
IPG
IPH
IPI
IPK
IPL
IPN
IPO
IPQ
IPS
IPU
IPW
IPY
IQA
IQB
IQC
IQD
IQE
IQF
IQG
IQH
IQI
IQJ
IQK
IQL
IQM
IQN
IQP
IQQ
IQR
IQS
IQT
IQU
IQV
IQW
IQX
IQY
IQZ
IRB
IRD
IRF
IRG
IRH
IRI
IRN
IRO
IRQ
IRX
IRY
IRZ
ISB
ISD
ISE
ISF
ISI
ISJ
ISK
ISL
ISN
ISP
ISQ
ISR
ISU
ISV
ISW
ISX
ISY
ITB
ITC
ITD
ITF
ITG
ITH
ITI
ITJ
ITK
ITL
ITO
ITP
ITQ
ITR
ITS
ITT
ITY
ITZ
IUA
IUB
IUC
IUE
IUF
IUG
IUH
IUI
IUJ
IUL
IUM
IUO
IUP
IUQ
IUR
IUS
IUT
IUU
IUV
IUW
IUX
IUY
IVA
IVB
IVC
IVD
IVE
IVF
IVG
IVH
IVI
IVJ
IVK
IVM
IVQ
IVT
IVU
IVV
IVW
IVX
IVZ
IWA
IWC
IWD
IWE
IWG
IWH
IWI
IWJ
IWK
IWL
IWN
IWO
IWQ
IWR
IWS
IWT
IWU
IWV
IWW
IWX
IWY
IXA
IXB
IXC
IXD
IXE
IXF
IXG
IXH
IXJ
IXK
IXL
IXM
IXN
IXO
IXP
IXQ
IXR
IXS
IXT
IXU
IXV
IXW
IXX
IXY
IXZ
IYA
IYB
IYC
IYD
IYE
IYF
IYG
IYH
IYI
IYJ
IYK
IYL
IYM
IYN
IYO
IYP
IYQ
IYR
IYS
IYT
IYU
IYV
IYW
IYX
IYY
IYZ
IZA
IZB
IZC
IZD
IZE
IZF
IZG
IZH
IZJ
IZK
IZL
IZM
IZN
IZO
IZQ
IZR
IZT
IZU
IZV
IZX
IZZ
JGC
JGF
JGJ
JGN
JGQ
JGU
JGV
JGY
JHA
JHF
JHI
JHJ
JHO
JHQ
JHT
JHU
JHV
JHX
JHY
JHZ
JIA
JIC
JID
JIF
JIG
JIH
JIK
JIP
JIQ
JIR
JIS
JIU
JIV
JIW
JIX
JIY
JIZ
JJA
JJG
JJI
JJN
JJQ
JJT
JJU
JJV
JJX
JJY
JJZ
JKI
JKJ
JKN
JKU
JKV
JLE
JLN
JLQ
JLT
JLU
JLV
JLZ
JMJ
JMQ
JMU
JMV
JNA
JND
JNF
JNG
JNI
JNL
JNM
JNN
JNO
JNP
JNV
JNY
JNZ
JOA
JOI
JOM
JOP
JOQ
JOT
JOV
JOX
JOZ
JPI
JPN
JPQ
JPU
JPV
JPZ
JQA
JQC
JQD
JQE
JQF
JQG
JQH
JQI
JQJ
JQK
JQL
JQN
JQO
JQP
JQQ
JQR
JQS
JQT
JQU
JQV
JQX
JQY
JQZ
JRI
JRK
JRU
JRY
JSI
JSQ
JSU
JSV
JTD
JTE
JTK
JTQ
JTT
JTV
JTY
JTZ
JUF
JUG
JUH
JUI
JUJ
JUM
JUO
JUP
JUQ
JUT
JUU
JUV
JUW
JUY
JVA
JVC
JVD
JVE
JVF
JVI
JVJ
JVL
JVM
JVO
JVP
JVQ
JVS
JVT
JVU
JVX
JVY
JVZ
JWE
JWG
JWI
JWJ
JWN
JWU
JWV
JWZ
JXA
JXD
JXE
JXF
JXG
JXI
JXJ
JXK
JXN
JXO
JXQ
JXS
JXT
JXU
JXW
JXX
JXY
JXZ
JYA
JYD
JYE
JYF
JYG
JYH
JYI
JYJ
JYN
JYO
JYP
JYQ
JYR
JYS
JYT
JYU
JYV
JYW
JYX
JYY
JZA
JZD
JZE
JZF
JZG
JZH
JZI
JZJ
JZL
JZM
JZN
JZO
JZP
JZQ
JZR
JZS
JZV
JZW
JZX
JZY
JZZ
KBZ
KCI
KCJ
KCN
KCP
KCQ
KCT
KCU
KCX
KDG
KDH
KDI
KDN
KDO
KDQ
KDR
KDU
KDV
KDW
KDZ
KEH
KEJ
KEM
KEO
KEP
KEU
KEX
KFF
KFG
KFH
KFI
KFJ
KFL
KFN
KFO
KFQ
KFR
KFT
KFU
KFV
KFW
KFX
KFY
KFZ
KGI
KGJ
KGN
KGO
KGP
KGQ
KGU
KGX
KGY
KGZ
KHA
KHB
KHC
KHD
KHE
KHF
KHH
KHI
KHJ
KHK
KHL
KHN
KHP
KHQ
KHR
KHT
KHU
KHV
KHX
KHY
KIC
KIF
KIG
KIH
KII
KIJ
KIO
KIQ
KIS
KIU
KIV
KIW
KIX
KIY
KIZ
KJE
KJI
KJJ
KJL
KJN
KJO
KJQ
KJU
KJX
KJZ
KKE
KKF
KKI
KKJ
KKO
KKQ
KKR
KKU
KKV
KKW
KKX
KKY
KKZ
KLE
KLG
KLI
KLN
KLQ
KLU
KLV
KLX
KMJ
KMK
KMQ
KMU
KMV
KMX
KMY
KNB
KND
KNJ
KNK
KNL
KNM
KNN
KNP
KNQ
KNR
KNS
KNV
KNY
KOD
KOE
KOH
KOJ
KOO
KOQ
KOT
KOU
KOV
KOW
KOX
KOY
KOZ
KPA
KPE
KPI
KPJ
KPN
KPO
KPP
KPQ
KPR
KPU
KPV
KPW
KPX
KPY
KPZ
KQA
KQB
KQC
KQD
KQE
KQF
KQG
KQH
KQI
KQK
KQL
KQM
KQN
KQO
KQP
KQQ
KQR
KQS
KQT
KQU
KQV
KQW
KQX
KQY
KQZ
KRC
KRE
KRQ
KRY
KRZ
KSE
KSF
KSI
KSO
KSQ
KSU
KSV
KSX
KSY
KSZ
KTB
KTD
KTF
KTK
KTP
KTQ
KTU
KTV
KTW
KUA
KUB
KUC
KUD
KUE
KUF
KUG
KUI
KUJ
KUK
KUL
KUM
KUN
KUO
KUP
KUQ
KUR
KUU
KUV
KUW
KUX
KUY
KUZ
KVA
KVE
KVG
KVH
KVI
KVK
KVP
KVQ
KVS
KVT
KVU
KVV
KVW
KVX
KVY
KVZ
KWC
KWE
KWF
KWJ
KWK
KWO
KWQ
KWU
KWV
KWX
KWY
KWZ
KXA
KXB
KXC
KXD
KXE
KXF
KXG
KXH
KXI
KXJ
KXK
KXL
KXM
KXN
KXO
KXP
KXR
KXT
KXU
KXV
KXW
KXX
KXY
KYB
KYC
KYD
KYF
KYG
KYI
KYJ
KYM
KYP
KYQ
KYR
KYS
KYU
KYV
KYW
KYX
KYY
KYZ
KZA
KZB
KZC
KZD
KZF
KZG
KZH
KZI
KZJ
KZK
KZL
KZM
KZN
KZO
KZP
KZQ
KZR
KZS
KZU
KZV
KZW
KZX
KZY
KZZ
LDD
LDI
LDO
LDQ
LDW
LDZ
LEJ
LEQ
LEU
LFE
LFF
LFG
LFI
LFJ
LFK
LFL
LFM
LFN
LFP
LFQ
LFR
LFS
LFT
LFU
LFV
LFW
LFX
LFY
LFZ
LGA
LGD
LGF
LGG
LGI
LGJ
LGK
LGO
LGQ
LGU
LHE
LHF
LHH
LHI
LHJ
LHK
LHL
LHN
LHQ
LHT
LHU
LHX
LHY
LHZ
LIF
LIG
LII
LIJ
LIK
LIQ
LIR
LIU
LIY
LJF
LJI
LJL
LJN
LJU
LJV
LJX
LJY
LJZ
LKA
LKD
LKE
LKJ
LKK
LKL
LKN
LKO
LKP
LKR
LKU
LKW
LKX
LKZ
LLC
LLE
LLF
LLI
LLK
LLN
LLP
LLQ
LLR
LLV
LLX
LLZ
LME
LMO
LMQ
LMT
LMU
LMV
LMW
LMX
LMY
LNB
LNF
LNI
LNJ
LNK
LNL
LNM
LNN
LNO
LNP
LNQ
LNR
LNS
LNU
LNV
LNW
LNY
LOA
LOH
LOI
LOJ
LOK
LOP
LOQ
LOX
LOY
LPE
LPF
LPH
LPI
LPJ
LPK
LPM
LPO
LPP
LPQ
LPU
LPV
LPX
LPY
LPZ
LQA
LQB
LQC
LQD
LQE
LQF
LQG
LQH
LQI
LQJ
LQK
LQL
LQM
LQN
LQP
LQQ
LQR
LQS
LQT
LQU
LQV
LQW
LQX
LQY
LQZ
LRF
LRI
LRJ
LRP
LRQ
LRU
LRV
LRX
LRZ
LSH
LSI
LSL
LSN
LSO
LSP
LSU
LSV
LSW
LSZ
LTG
LTH
LTI
LTL
LTN
LTP
LTQ
LTT
LTV
LTW
LTX
LTY
LTZ
LUB
LUF
LUH
LUI
LUJ
LUO
LUP
LUQ
LUR
LUS
LUT
LUU
LUW
LUX
LUY
LUZ
LVB
LVC
LVD
LVF
LVH
LVI
LVJ
LVL
LVM
LVN
LVO
LVP
LVQ
LVR
LVS
LVT
LVU
LVV
LVX
LVY
LVZ
LWD
LWE
LWG
LWI
LWK
LWL
LWM
LWN
LWO
LWP
LWQ
LWU
LWV
LWX
LWY
LWZ
LXE
LXF
LXG
LXI
LXJ
LXK
LXL
LXM
LXN
LXO
LXP
LXQ
LXR
LXS
LXT
LXU
LXV
LXW
LXX
LYB
LYC
LYE
LYF
LYG
LYH
LYI
LYJ
LYK
LYQ
LYR
LYT
LYU
LYV
LYY
LYZ
LZA
LZB
LZC
LZD
LZE
LZF
LZG
LZH
LZI
LZJ
LZK
LZL
LZM
LZN
LZO
LZQ
LZR
LZS
LZT
LZU
LZV
LZW
LZZ
MII
MIQ
MIU
MIY
MJI
MJV
MJZ
MKF
MKQ
MKU
MKX
MKZ
MLE
MLF
MLI
MLN
MLO
MLQ
MLU
MLV
MMF
MMI
MMK
MMN
MMO
MMU
MMY
MNI
MNK
MNL
MNN
MNO
MNQ
MNS
MNU
MNV
MNW
MNY
MNZ
MOI
MOJ
MOQ
MOY
MPA
MPD
MPF
MPN
MPO
MPQ
MPR
MPU
MPZ
MQA
MQB
MQC
MQD
MQE
MQF
MQG
MQH
MQI
MQJ
MQK
MQL
MQM
MQN
MQO
MQP
MQQ
MQR
MQS
MQT
MQU
MQV
MQW
MQY
MQZ
MRI
MSF
MSQ
MSV
MTE
MTI
MTK
MTO
MTQ
MTU
MTZ
MUA
MUE
MUH
MUI
MUN
MUO
MUU
MUW
MUX
MUY
MVC
MVE
MVG
MVH
MVJ
MVN
MVO
MVP
MVR
MVS
MVU
MVW
MVX
MVY
MVZ
MWE
MWG
MWK
MWO
MWQ
MWU
MWV
MWX
MWY
MWZ
MXA
MXB
MXD
MXE
MXF
MXG
MXH
MXJ
MXK
MXN
MXP
MXQ
MXT
MXU
MXV
MXY
MYB
MYC
MYE
MYF
MYG
MYH
MYI
MYL
MYM
MYP
MYQ
MYR
MYT
MYU
MYV
MYW
MYX
MYY
MYZ
MZA
MZB
MZC
MZD
MZE
MZF
MZG
MZH
MZK
MZM
MZN
MZO
MZP
MZQ
MZR
MZT
MZV
MZW
MZX
NBH
NBK
NBL
NBM
NBN
NBO
NBP
NBQ
NBR
NBS
NBT
NBU
NBV
NBX
NBY
NBZ
NCD
NCF
NCG
NCI
NCJ
NCM
NCN
NCQ
NCR
NCV
NCW
NCX
NDD
NDF
NDK
NDL
NDO
NDQ
NDS
NDU
NDW
NDZ
NEE
NEJ
NEK
NEN
NEP
NEQ
NEX
NFA
NFB
NFD
NFE
NFF
NFG
NFH
NFI
NFJ
NFK
NFM
NFN
NFO
NFP
NFQ
NFS
NFT
NFU
NFV
NFW
NFX
NFY
NFZ
NGB
NGE
NGF
NGH
NGJ
NGK
NGL
NGM
NGN
NGO
NGP
NGQ
NGV
NGX
NGY
NGZ
NHD
NHE
NHF
NHG
NHH
NHL
NHO
NHQ
NHT
NHU
NHV
NHW
NHX
NHY
NHZ
NIE
NIF
NIH
NII
NIM
NIO
NIU
NIW
NIY
NIZ
NJE
NJI
NJJ
NJL
NJN
NJQ
NJU
NJV
NKD
NKE
NKF
NKG
NKJ
NKK
NKL
NKN
NKO
NKQ
NKR
NKT
NKU
NKV
NKW
NKX
NKZ
NLD
NLE
NLG
NLI
NLJ
NLK
NLL
NLM
NLN
NLQ
NLR
NLT
NLV
NLX
NLZ
NMA
NMC
NMF
NMH
NMI
NMJ
NMK
NML
NMM
NMP
NMQ
NMR
NMU
NMV
NMW
NMX
NMY
NMZ
NNA
NNE
NNF
NNI
NNK
NNL
NNM
NNO
NNP
NNQ
NNR
NNS
NNT
NNV
NNW
NNZ
NOF
NOI
NON
NOQ
NOU
NOY
NPA
NPB
NPE
NPG
NPH
NPI
NPJ
NPN
NPO
NPQ
NPV
NPX
NPY
NPZ
NQA
NQB
NQC
NQD
NQE
NQF
NQG
NQH
NQI
NQJ
NQK
NQL
NQM
NQN
NQO
NQP
NQQ
NQS
NQU
NQV
NQW
NQX
NQY
NQZ
NRD
NRE
NRI
NRK
NRL
NRN
NRO
NRR
NRS
NRU
NRV
NRX
NRY
NRZ
NSB
NSC
NSF
NSG
NSH
NSI
NSL
NSP
NSQ
NSS
NSU
NSV
NSX
NSY
NSZ
NTC
NTD
NTF
NTK
NTM
NTN
NTP
NTQ
NTR
NTV
NTX
NTZ
NUA
NUB
NUD
NUH
NUI
NUJ
NUK
NUL
NUN
NUO
NUP
NUQ
NUS
NUV
NUW
NUX
NUY
NUZ
NVC
NVD
NVE
NVF
NVG
NVH
NVI
NVJ
NVL
NVM
NVN
NVO
NVP
NVQ
NVT
NVU
NVV
NVW
NVX
NVY
NVZ
NWB
NWD
NWE
NWF
NWK
NWL
NWN
NWO
NWQ
NWS
NWU
NWV
NWW
NWX
NWZ
NXA
NXB
NXC
NXE
NXF
NXG
NXH
NXI
NXJ
NXK
NXL
NXM
NXO
NXP
NXQ
NXR
NXS
NXT
NXU
NXV
NXW
NXX
NYB
NYD
NYF
NYG
NYH
NYI
NYJ
NYM
NYN
NYO
NYP
NYQ
NYR
NYT
NYU
NYV
NYW
NYX
NZA
NZB
NZC
NZD
NZE
NZF
NZG
NZH
NZI
NZJ
NZK
NZM
NZN
NZO
NZP
NZQ
NZR
NZS
NZT
NZU
NZV
NZW
NZX
NZY
NZZ
OAI
OAJ
OAO
OAQ
OAS
OAU
OAV
OAX
OAY
OBA
OBB
OBD
OBF
OBG
OBH
OBI
OBK
OBM
OBO
OBP
OBQ
OBU
OBV
OBW
OBX
OBY
OBZ
OCA
OCB
OCE
OCF
OCG
OCI
OCJ
OCN
OCO
OCQ
OCR
OCU
OCV
OCW
OCX
OCY
ODA
ODH
ODJ
ODK
ODL
ODN
ODO
ODQ
ODR
ODS
ODU
ODV
ODW
ODZ
OEA
OEB
OED
OEF
OEG
OEH
OEI
OEJ
OEK
OEO
OEQ
OER
OES
OET
OEU
OEV
OEW
OEX
OEY
OEZ
OFA
OFB
OFD
OFE
OFG
OFH
OFI
OFJ
OFK
OFL
OFM
OFO
OFQ
OFT
OFU
OFV
OFW
OFX
OFY
OFZ
OGA
OGC
OGD
OGE
OGF
OGG
OGH
OGI
OGJ
OGL
OGM
OGN
OGO
OGP
OGQ
OGR
OGS
OGT
OGU
OGV
OGX
OGZ
OHA
OHB
OHC
OHD
OHE
OHF
OHG
OHI
OHJ
OHK
OHO
OHP
OHQ
OHR
OHS
OHT
OHU
OHV
OHW
OHX
OHY
OHZ
OIA
OIB
OIC
OID
OIE
OIF
OIG
OIH
OII
OIJ
OIM
OIN
OIO
OIP
OIQ
OIS
OIT
OIU
OIV
OIW
OIX
OIY
OIZ
OJA
OJD
OJF
OJG
OJH
OJJ
OJL
OJM
OJN
OJP
OJQ
OJR
OJS
OJU
OJV
OJW
OJX
OJY
OJZ
OKD
OKF
OKG
OKH
OKI
OKL
OKN
OKP
OKQ
OKT
OKU
OKV
OKW
OKX
OKY
OKZ
OLB
OLC
OLF
OLG
OLH
OLJ
OLK
OLM
OLN
OLP
OLQ
OLR
OLT
OLU
OLV
OLW
OLX
OLZ
OME
OMF
OMH
OMJ
OMK
OML
OMM
OMP
OMQ
OMU
OMW
OMX
OMY
ONA
ONB
ONC
OND
ONF
ONH
ONJ
ONM
ONN
ONO
ONP
ONQ
ONS
ONT
ONU
ONV
ONW
ONX
OOA
OOE
OOF
OOH
OOI
OOL
OOQ
OOR
OOT
OOU
OOV
OOY
OOZ
OPB
OPE
OPF
OPG
OPH
OPI
OPJ
OPK
OPN
OPP
OPQ
OPT
OPU
OPV
OPW
OPX
OPY
OPZ
OQA
OQB
OQC
OQD
OQE
OQF
OQG
OQH
OQI
OQJ
OQK
OQL
OQM
OQN
OQO
OQP
OQQ
OQR
OQS
OQT
OQU
OQV
OQW
OQX
OQY
OQZ
ORF
ORH
ORJ
ORL
ORQ
ORR
ORT
ORU
ORV
ORW
ORX
ORY
ORZ
OSA
OSD
OSG
OSJ
OSK
OSM
OSN
OSP
OSQ
OSR
OSV
OSW
OSZ
OTC
OTD
OTE
OTF
OTI
OTJ
OTK
OTM
OTN
OTP
OTQ
OTR
OTS
OTU
OTV
OTY
OUA
OUB
OUC
OUE
OUF
OUG
OUH
OUI
OUJ
OUL
OUM
OUN
OUO
OUP
OUQ
OUR
OUS
OUU
OUV
OUW
OUX
OUY
OUZ
OVC
OVD
OVF
OVG
OVH
OVJ
OVK
OVL
OVM
OVN
OVO
OVP
OVQ
OVS
OVT
OVU
OVV
OVW
OVX
OVY
OVZ
OWB
OWC
OWD
OWE
OWF
OWG
OWH
OWI
OWJ
OWM
OWO
OWP
OWQ
OWS
OWU
OWV
OWX
OWY
OWZ
OXA
OXC
OXD
OXE
OXF
OXG
OXH
OXI
OXJ
OXK
OXL
OXM
OXN
OXP
OXQ
OXR
OXS
OXT
OXU
OXV
OXW
OXZ
OYC
OYD
OYE
OYG
OYH
OYI
OYJ
OYK
OYL
OYM
OYN
OYO
OYP
OYQ
OYR
OYS
OYT
OYU
OYV
OYW
OYX
OYY
OYZ
OZA
OZB
OZC
OZE
OZG
OZH
OZJ
OZK
OZL
OZM
OZN
OZP
OZQ
OZR
OZS
OZU
OZV
OZW
OZX
PEH
PEI
PEL
PEQ
PES
PEU
PEV
PEX
PEY
PFB
PFF
PFG
PFI
PFK
PFN
PFP
PFQ
PFS
PFT
PFU
PFY
PFZ
PGE
PGF
PGG
PGI
PGJ
PGK
PGO
PGQ
PGS
PGU
PGV
PGX
PGY
PGZ
PHA
PHE
PHF
PHH
PHK
PHN
PHO
PHQ
PHU
PHV
PHX
PHZ
PIA
PIB
PID
PIF
PII
PIJ
PIO
PIQ
PIR
PIU
PIV
PIW
PIY
PJG
PJI
PJL
PJO
PJQ
PJR
PJU
PJV
PJX
PJY
PJZ
PKB
PKC
PKD
PKE
PKF
PKG
PKH
PKI
PKJ
PKM
PKQ
PKV
PKX
PKZ
PLI
PLO
PLQ
PLR
PLS
PLV
PLX
PME
PMI
PMO
PMQ
PMU
PMV
PMY
PNB
PNC
PNE
PNF
PNH
PNI
PNO
PNQ
PNR
PNU
PNV
PNX
POB
POF
POG
POJ
POQ
POU
POY
PPA
PPB
PPC
PPE
PPF
PPI
PPN
PPO
PPQ
PPU
PPX
PQA
PQB
PQC
PQD
PQE
PQG
PQH
PQI
PQJ
PQK
PQL
PQM
PQN
PQO
PQP
PQQ
PQR
PQS
PQT
PQU
PQV
PQW
PQX
PQZ
PRD
PRF
PRK
PRL
PRQ
PRU
PRY
PSF
PSL
PSQ
PSR
PTA
PTD
PTH
PTI
PTJ
PTK
PTL
PTQ
PTS
PTU
PTV
PTX
PTZ
PUA
PUE
PUF
PUH
PUI
PUJ
PUK
PUM
PUO
PUU
PUV
PUW
PUZ
PVA
PVB
PVD
PVE
PVF
PVG
PVH
PVI
PVJ
PVK
PVO
PVP
PVQ
PVR
PVS
PVT
PVU
PVW
PVY
PVZ
PWE
PWF
PWK
PWM
PWQ
PWU
PWV
PWX
PWZ
PXA
PXC
PXE
PXF
PXH
PXI
PXJ
PXM
PXN
PXO
PXP
PXQ
PXR
PXT
PXU
PXV
PXW
PXX
PXZ
PYA
PYB
PYC
PYI
PYJ
PYK
PYL
PYM
PYO
PYP
PYQ
PYS
PYV
PYW
PYY
PYZ
PZC
PZD
PZE
PZF
PZG
PZH
PZI
PZJ
PZK
PZL
PZM
PZN
PZO
PZQ
PZR
PZS
PZT
PZU
PZV
PZX
RGU
RHG
RHI
RHK
RHL
RHM
RHQ
RHU
RHV
RHX
RIJ
RIL
RIN
RIQ
RIR
RIU
RIY
RIZ
RJF
RJQ
RJV
RJX
RJY
RKA
RKF
RKJ
RKK
RKQ
RKU
RKV
RLI
RLJ
RLN
RLO
RLQ
RLR
RLU
RLZ
RMQ
RMU
RMV
RNB
RNG
RNH
RNJ
RNL
RNM
RNO
RNQ
RNT
RNV
RNW
RNX
RNY
RNZ
ROA
ROI
ROJ
ROQ
ROT
RPE
RPK
RPN
RPP
RPQ
RPS
RPU
RPV
RPW
RPY
RQA
RQB
RQC
RQD
RQE
RQF
RQG
RQH
RQI
RQJ
RQK
RQN
RQO
RQP
RQQ
RQR
RQS
RQT
RQU
RQV
RQW
RQX
RQY
RQZ
RRF
RRI
RRK
RRN
RRO
RRP
RRQ
RRU
RRX
RSF
RSQ
RSU
RSZ
RTG
RTJ
RTP
RTQ
RTU
RUA
RUC
RUD
RUE
RUG
RUI
RUJ
RUK
RUL
RUO
RUQ
RUR
RUU
RUV
RUW
RUX
RUY
RVA
RVB
RVC
RVF
RVG
RVK
RVL
RVQ
RVU
RVV
RVX
RVY
RVZ
RWD
RWK
RWO
RWQ
RWU
RWV
RWY
RWZ
RXG
RXH
RXI
RXK
RXO
RXP
RXQ
RXU
RXV
RXW
RXX
RXY
RXZ
RYB
RYE
RYF
RYG
RYH
RYI
RYJ
RYM
RYO
RYP
RYQ
RYR
RYT
RYU
RYV
RYW
RYX
RYY
RYZ
RZB
RZC
RZD
RZE
RZF
RZG
RZH
RZI
RZJ
RZK
RZM
RZN
RZO
RZP
RZQ
RZR
RZS
RZT
RZU
RZV
RZY
RZZ
SFQ
SFU
SFV
SFW
SFY
SFZ
SGJ
SGK
SGN
SGO
SGQ
SGV
SGX
SGY
SGZ
SHH
SHQ
SHS
SHW
SHX
SHZ
SIA
SIF
SIH
SIJ
SIO
SIQ
SIU
SIW
SIY
SJI
SJQ
SJU
SJV
SJX
SJZ
SKB
SKF
SKG
SKH
SKK
SKQ
SKV
SKZ
SLI
SLO
SLQ
SLS
SLZ
SMQ
SMU
SMX
SMY
SNA
SNH
SNI
SNJ
SNL
SNM
SNN
SNP
SNQ
SNS
SNU
SNV
SNZ
SOH
SOQ
SOU
SOV
SOY
SPP
SPQ
SQA
SQB
SQC
SQE
SQF
SQG
SQH
SQJ
SQK
SQN
SQO
SQP
SQQ
SQR
SQV
SQW
SQX
SQY
SQZ
SRN
SRQ
SRU
SRY
SSI
SSN
SSO
SSQ
SSU
SSV
SSZ
STQ
SUA
SUC
SUD
SUG
SUH
SUK
SUO
SUQ
SUR
SUW
SUY
SVA
SVB
SVE
SVH
SVI
SVL
SVO
SVP
SVQ
SVU
SVX
SWJ
SWK
SWM
SWQ
SWT
SWU
SWV
SWY
SWZ
SXE
SXF
SXG
SXH
SXJ
SXK
SXN
SXQ
SXU
SXV
SXX
SXZ
SYA
SYB
SYC
SYE
SYF
SYI
SYJ
SYK
SYM
SYO
SYQ
SYT
SYU
SYV
SYY
SYZ
SZB
SZC
SZD
SZF
SZG
SZH
SZI
SZJ
SZK
SZL
SZM
SZN
SZO
SZP
SZQ
SZR
SZT
SZU
SZV
SZW
SZX
SZZ
TEI
TFI
TFO
TFP
TFQ
TFR
TFV
TFY
TFZ
TGA
TGC
TGF
TGI
TGJ
TGK
TGL
TGN
TGP
TGQ
TGU
TGV
TGX
TGY
THF
THH
THI
THJ
THK
THN
THQ
THV
TIB
TIC
TID
TIE
TIH
TIJ
TIL
TIO
TIQ
TIR
TIS
TIU
TIV
TIX
TIY
TIZ
TJE
TJG
TJI
TJN
TJO
TJQ
TJT
TJU
TJV
TJX
TKG
TKH
TKJ
TKL
TKN
TKQ
TKR
TKT
TKV
TKY
TKZ
TLE
TLH
TLI
TLJ
TLN
TLO
TLQ
TLU
TLV
TLX
TLZ
TMF
TMH
TMQ
TMR
TMU
TMV
TNC
TND
TNF
TNJ
TNL
TNM
TNN
TNP
TNQ
TNV
TNX
TNZ
TOG
TOI
TOJ
TOQ
TOU
TOV
TPB
TPF
TPI
TPO
TPP
TPQ
TPR
TPS
TPU
TPW
TQA
TQB
TQC
TQD
TQE
TQF
TQG
TQH
TQI
TQJ
TQK
TQL
TQN
TQO
TQP
TQQ
TQR
TQS
TQT
TQU
TQV
TQW
TQX
TQY
TQZ
TRF
TRM
TRT
TRZ
TSF
TSH
TSJ
TSN
TSO
TSQ
TSS
TSU
TSV
TSY
TSZ
TTG
TTJ
TTK
TTO
TTQ
TTU
TTZ
TUA
TUC
TUE
TUJ
TUL
TUO
TUQ
TUU
TUW
TUY
TUZ
TVB
TVD
TVE
TVF
TVH
TVJ
TVK
TVL
TVN
TVO
TVQ
TVS
TVT
TVU
TVW
TVX
TVY
TWF
TWJ
TWN
TWP
TWS
TWU
TWV
TWY
TXA
TXB
TXE
TXG
TXK
TXL
TXM
TXN
TXO
TXQ
TXR
TXW
TXX
TXY
TXZ
TYD
TYH
TYI
TYJ
TYM
TYQ
TYT
TYU
TYV
TYW
TYX
TYY
TYZ
TZB
TZC
TZD
TZF
TZG
TZH
TZI
TZJ
TZK
TZL
TZN
TZQ
TZR
TZS
TZT
TZU
TZV
TZW
TZX
UAA
UAD
UAE
UAG
UAH
UAI
UAK
UAL
UAN
UAO
UAQ
UAT
UAU
UAW
UAY
UAZ
UBA
UBB
UBC
UBD
UBE
UBF
UBG
UBH
UBK
UBL
UBM
UBN
UBO
UBP
UBQ
UBR
UBU
UBV
UBW
UBX
UBY
UBZ
UCA
UCB
UCD
UCE
UCF
UCG
UCI
UCJ
UCL
UCM
UCN
UCO
UCQ
UCR
UCT
UCU
UCV
UCX
UCZ
UDB
UDC
UDD
UDE
UDF
UDG
UDH
UDI
UDJ
UDK
UDL
UDN
UDO
UDQ
UDS
UDT
UDU
UDV
UDW
UDZ
UEB
UEC
UEE
UEF
UEG
UEI
UEJ
UEK
UEL
UEM
UEO
UEP
UEQ
UER
UET
UEU
UEV
UEW
UEX
UEY
UEZ
UFA
UFB
UFD
UFE
UFF
UFG
UFH
UFI
UFJ
UFK
UFL
UFM
UFN
UFP
UFQ
UFR
UFS
UFT
UFU
UFV
UFW
UFX
UFY
UFZ
UGA
UGB
UGC
UGD
UGE
UGF
UGG
UGI
UGJ
UGK
UGL
UGM
UGN
UGO
UGP
UGQ
UGR
UGS
UGT
UGU
UGV
UGW
UGY
UGZ
UHA
UHB
UHC
UHD
UHE
UHG
UHH
UHI
UHJ
UHK
UHL
UHM
UHN
UHO
UHP
UHQ
UHR
UHS
UHT
UHV
UHW
UHX
UHY
UHZ
UIA
UIB
UIC
UID
UIE
UIF
UIG
UIH
UII
UIJ
UIK
UIL
UIN
UIO
UIP
UIQ
UIS
UIT
UIU
UIV
UIW
UIX
UIY
UIZ
UJA
UJB
UJC
UJD
UJE
UJF
UJG
UJH
UJJ
UJK
UJL
UJM
UJN
UJO
UJP
UJQ
UJR
UJS
UJT
UJU
UJV
UJW
UJX
UJY
UJZ
UKA
UKB
UKC
UKF
UKG
UKH
UKJ
UKK
UKL
UKN
UKO
UKP
UKQ
UKS
UKT
UKU
UKW
UKX
UKZ
ULB
ULC
ULD
ULE
ULF
ULG
ULH
ULI
ULJ
ULK
ULM
ULN
ULO
ULQ
ULR
ULS
ULT
ULU
ULV
ULW
ULY
UMB
UMD
UME
UMF
UMG
UMH
UMI
UMJ
UMK
UML
UMN
UMO
UMP
UMQ
UMR
UMS
UMT
UMU
UMV
UMW
UMX
UMY
UMZ
UNB
UNC
UND
UNE
UNF
UNG
UNH
UNJ
UNK
UNL
UNM
UNN
UNP
UNQ
UNR
UNT
UNU
UNV
UNW
UNX
UNY
UNZ
UOA
UOB
UOC
UOD
UOE
UOF
UOG
UOH
UOI
UOJ
UOL
UOM
UON
UOO
UOP
UOQ
UOR
UOT
UOU
UOV
UOW
UOX
UOY
UOZ
UPA
UPB
UPC
UPD
UPF
UPG
UPI
UPJ
UPK
UPL
UPM
UPN
UPO
UPP
UPQ
UPR
UPT
UPV
UPW
UPX
UPY
UPZ
UQA
UQB
UQC
UQD
UQE
UQF
UQG
UQH
UQI
UQJ
UQK
UQL
UQM
UQN
UQO
UQP
UQQ
UQR
UQS
UQT
UQU
UQV
UQW
UQX
UQY
UQZ
URA
URD
URE
URH
URI
URJ
URK
URL
URM
URO
URP
URQ
URT
URV
URW
URY
USC
USF
USG
USH
USI
USJ
USL
USN
USO
USQ
USR
USS
UST
USU
USW
USX
USY
USZ
UTB
UTE
UTF
UTG
UTH
UTJ
UTK
UTL
UTN
UTO
UTQ
UTR
UTS
UTT
UTU
UTW
UTX
UTY
UTZ
UUA
UUB
UUC
UUD
UUE
UUF
UUG
UUH
UUI
UUK
UUL
UUM
UUN
UUO
UUP
UUQ
UUR
UUS
UUT
UUV
UUW
UUX
UUY
UUZ
UVA
UVC
UVD
UVE
UVG
UVH
UVI
UVJ
UVK
UVL
UVM
UVN
UVO
UVP
UVQ
UVS
UVT
UVU
UVV
UVW
UVX
UVY
UVZ
UWA
UWB
UWC
UWD
UWE
UWF
UWG
UWH
UWI
UWJ
UWL
UWM
UWN
UWO
UWP
UWQ
UWR
UWT
UWU
UWV
UWW
UWX
UWY
UWZ
UXA
UXC
UXD
UXE
UXF
UXG
UXI
UXJ
UXK
UXL
UXM
UXN
UXO
UXP
UXQ
UXR
UXS
UXT
UXU
UXV
UXX
UXY
UXZ
UYA
UYB
UYC
UYD
UYE
UYF
UYG
UYH
UYI
UYJ
UYK
UYL
UYM
UYN
UYO
UYP
UYQ
UYR
UYS
UYT
UYU
UYV
UYW
UYX
UYY
UYZ
UZA
UZB
UZC
UZD
UZE
UZF
UZG
UZI
UZJ
UZL
UZM
UZN
UZO
UZP
UZQ
UZR
UZS
UZT
UZU
UZV
UZW
UZX
UZY
UZZ
VAH
VAI
VAP
VAQ
VAR
VAW
VAX
VAY
VAZ
VBB
VBC
VBE
VBH
VBI
VBK
VBL
VBN
VBO
VBQ
VBS
VBT
VBU
VBV
VBW
VBY
VBZ
VCF
VCG
VCH
VCI
VCJ
VCL
VCN
VCQ
VCR
VCU
VCV
VCW
VCX
VCY
VCZ
VDA
VDD
VDF
VDG
VDH
VDI
VDJ
VDK
VDL
VDM
VDO
VDP
VDQ
VDS
VDT
VDU
VDV
VDW
VDY
VDZ
VEA
VED
VEE
VEF
VEH
VEI
VEJ
VEK
VEM
VEO
VEP
VEQ
VES
VEU
VEV
VEW
VEX
VEZ
VFB
VFD
VFE
VFF
VFG
VFH
VFI
VFJ
VFK
VFL
VFM
VFN
VFP
VFQ
VFS
VFT
VFU
VFV
VFW
VFX
VFY
VFZ
VGA
VGB
VGC
VGD
VGF
VGH
VGI
VGJ
VGK
VGL
VGM
VGN
VGO
VGP
VGQ
VGR
VGS
VGT
VGW
VGX
VGY
VGZ
VHA
VHB
VHE
VHG
VHH
VHI
VHJ
VHK
VHL
VHM
VHN
VHO
VHP
VHQ
VHR
VHT
VHU
VHV
VHW
VHX
VHY
VHZ
VIA
VIB
VIE
VIF
VIG
VIH
VIJ
VIO
VIQ
VIT
VIU
VIW
VIY
VJA
VJC
VJD
VJE
VJF
VJH
VJI
VJJ
VJL
VJM
VJN
VJO
VJP
VJQ
VJS
VJU
VJV
VJW
VJX
VJY
VJZ
VKA
VKB
VKC
VKD
VKF
VKI
VKJ
VKK
VKL
VKM
VKP
VKQ
VKR
VKS
VKT
VKU
VKX
VKZ
VLD
VLE
VLG
VLH
VLI
VLJ
VLK
VLL
VLM
VLN
VLO
VLP
VLQ
VLR
VLS
VLT
VLU
VLW
VLX
VLY
VLZ
VMB
VMD
VME
VMF
VMH
VMI
VMK
VML
VMM
VMN
VMO
VMQ
VMR
VMS
VMT
VMU
VMV
VMX
VMY
VNA
VNB
VNC
VND
VNF
VNG
VNH
VNI
VNJ
VNK
VNL
VNM
VNN
VNO
VNQ
VNR
VNS
VNT
VNU
VNV
VNW
VNX
VNY
VNZ
VOA
VOB
VOD
VOF
VOH
VOI
VOK
VOM
VOO
VOQ
VOT
VOU
VOV
VOZ
VPA
VPB
VPD
VPE
VPH
VPI
VPJ
VPL
VPM
VPO
VPP
VPQ
VPR
VPS
VPU
VPV
VPW
VPX
VPY
VQA
VQB
VQC
VQD
VQE
VQF
VQG
VQH
VQI
VQJ
VQK
VQL
VQM
VQN
VQO
VQP
VQQ
VQR
VQS
VQT
VQU
VQW
VQX
VQY
VQZ
VRA
VRB
VRC
VRE
VRF
VRG
VRI
VRJ
VRK
VRL
VRM
VRN
VRP
VRQ
VRR
VRU
VRV
VRW
VRX
VRY
VRZ
VSC
VSD
VSE
VSF
VSG
VSH
VSI
VSJ
VSK
VSL
VSM
VSN
VSO
VSQ
VSR
VSS
VST
VSU
VSV
VSW
VSX
VSY
VSZ
VTA
VTB
VTD
VTE
VTF
VTG
VTH
VTI
VTJ
VTK
VTM
VTN
VTO
VTP
VTQ
VTT
VTU
VTV
VTW
VTY
VTZ
VUA
VUB
VUC
VUD
VUE
VUF
VUG
VUH
VUI
VUJ
VUK
VUM
VUN
VUO
VUP
VUQ
VUR
VUS
VUT
VUU
VUW
VUX
VUY
VUZ
VVA
VVB
VVD
VVE
VVF
VVG
VVH
VVI
VVJ
VVK
VVM
VVO
VVQ
VVR
VVS
VVU
VVX
VVY
VVZ
VWC
VWE
VWF
VWH
VWI
VWJ
VWK
VWL
VWM
VWO
VWQ
VWR
VWS
VWU
VWV
VWW
VWX
VWY
VWZ
VXA
VXC
VXD
VXE
VXF
VXG
VXH
VXJ
VXK
VXM
VXN
VXP
VXQ
VXS
VXU
VXV
VXW
VXX
VXY
VXZ
VYA
VYB
VYC
VYD
VYE
VYF
VYG
VYH
VYI
VYJ
VYK
VYL
VYM
VYN
VYO
VYP
VYQ
VYR
VYS
VYT
VYU
VYV
VYW
VYX
VYY
VZA
VZB
VZC
VZD
VZE
VZG
VZH
VZI
VZJ
VZK
VZL
VZN
VZO
VZP
VZQ
VZR
VZS
VZT
VZU
VZV
VZW
VZX
VZY
VZZ
WCI
WCL
WCN
WCO
WCP
WCQ
WCS
WCU
WCV
WCY
WCZ
WDA
WDF
WDG
WDI
WDK
WDN
WDO
WDQ
WDU
WDV
WDZ
WEA
WEF
WEH
WEI
WEK
WEO
WEP
WEQ
WEU
WFB
WFF
WFG
WFH
WFI
WFJ
WFK
WFL
WFM
WFN
WFP
WFQ
WFR
WFS
WFT
WFU
WFV
WFW
WFX
WFZ
WGB
WGE
WGF
WGG
WGH
WGI
WGJ
WGN
WGO
WGP
WGQ
WGR
WGS
WGT
WGU
WGV
WGW
WGX
WGY
WGZ
WHA
WHD
WHE
WHF
WHG
WHH
WHI
WHJ
WHK
WHL
WHM
WHQ
WHS
WHV
WHX
WHZ
WIB
WID
WIE
WIH
WII
WIJ
WIK
WIM
WIO
WIQ
WIS
WIU
WIV
WIW
WIX
WIY
WJD
WJE
WJG
WJI
WJQ
WJT
WJU
WJX
WJY
WJZ
WKB
WKH
WKI
WKJ
WKK
WKM
WKO
WKP
WKQ
WKU
WKV
WKW
WKX
WLE
WLG
WLI
WLJ
WLN
WLO
WLP
WLQ
WLR
WLT
WLU
WLV
WLW
WLX
WLZ
WME
WMF
WMG
WMI
WMK
WML
WMN
WMQ
WMS
WMU
WMW
WMX
WMY
WNA
WNB
WNF
WNH
WNI
WNL
WNN
WNO
WNP
WNQ
WNR
WNS
WNT
WNU
WNV
WNW
WNX
WNY
WNZ
WOA
WOB
WOC
WOE
WOH
WOI
WOJ
WOK
WOQ
WOS
WOU
WOX
WOY
WPA
WPB
WPD
WPE
WPF
WPI
WPK
WPL
WPN
WPO
WPP
WPQ
WPR
WPS
WPU
WPV
WPX
WPY
WQA
WQB
WQC
WQD
WQE
WQF
WQG
WQH
WQI
WQJ
WQK
WQL
WQM
WQN
WQO
WQP
WQQ
WQR
WQS
WQT
WQU
WQV
WQX
WQY
WQZ
WRF
WRH
WRI
WRL
WRP
WRQ
WRR
WRU
WRV
WSA
WSE
WSF
WSI
WSJ
WSO
WSP
WSQ
WSR
WSS
WSV
WSW
WSY
WSZ
WTB
WTI
WTJ
WTK
WTL
WTO
WTQ
WTR
WTU
WTV
WTY
WTZ
WUA
WUB
WUC
WUD
WUE
WUG
WUI
WUJ
WUK
WUM
WUO
WUP
WUQ
WUR
WUS
WUT
WUU
WUV
WUW
WUY
WUZ
WVA
WVB
WVF
WVG
WVH
WVJ
WVK
WVL
WVM
WVN
WVO
WVP
WVQ
WVR
WVS
WVT
WVU
WVV
WVW
WVX
WVY
WVZ
WWC
WWF
WWG
WWH
WWI
WWK
WWL
WWM
WWN
WWO
WWQ
WWS
WWU
WWV
WWX
WWY
WWZ
WXB
WXC
WXE
WXF
WXH
WXI
WXK
WXL
WXQ
WXR
WXT
WXU
WXV
WXW
WXX
WXZ
WYA
WYB
WYC
WYE
WYF
WYG
WYH
WYI
WYJ
WYK
WYL
WYM
WYO
WYP
WYQ
WYR
WYU
WYV
WYW
WYX
WYY
WYZ
WZA
WZC
WZD
WZE
WZF
WZG
WZH
WZI
WZJ
WZM
WZO
WZP
WZQ
WZR
WZS
WZU
WZV
WZW
WZX
WZZ
XAH
XAK
XAO
XAQ
XAR
XAV
XAW
XAY
XBA
XBB
XBD
XBE
XBG
XBI
XBJ
XBK
XBN
XBO
XBQ
XBR
XBS
XBT
XBU
XBV
XBW
XBY
XBZ
XCA
XCC
XCD
XCE
XCG
XCH
XCI
XCJ
XCK
XCL
XCN
XCP
XCQ
XCR
XCS
XCT
XCU
XCV
XCW
XCX
XCY
XCZ
XDE
XDF
XDI
XDK
XDL
XDN
XDP
XDQ
XDR
XDS
XDT
XDU
XDV
XEA
XEB
XEC
XEF
XEG
XEH
XEI
XEJ
XEK
XEL
XEQ
XES
XEU
XEV
XEW
XEX
XEY
XEZ
XFA
XFB
XFC
XFD
XFE
XFF
XFG
XFH
XFI
XFJ
XFK
XFL
XFN
XFO
XFP
XFQ
XFR
XFS
XFT
XFU
XFW
XFX
XFY
XFZ
XGA
XGB
XGC
XGD
XGE
XGF
XGG
XGH
XGI
XGJ
XGK
XGL
XGM
XGO
XGQ
XGR
XGS
XGT
XGU
XGV
XGW
XGX
XGY
XGZ
XHA
XHB
XHC
XHD
XHE
XHG
XHH
XHI
XHJ
XHK
XHL
XHM
XHN
XHO
XHP
XHQ
XHR
XHS
XHT
XHU
XHV
XHW
XHX
XHY
XHZ
XIA
XIB
XIC
XID
XIF
XIG
XIH
XII
XIJ
XIK
XIL
XIM
XIN
XIO
XIP
XIQ
XIR
XIU
XIV
XIW
XIX
XIY
XIZ
XJA
XJC
XJD
XJE
XJF
XJG
XJH
XJI
XJJ
XJL
XJM
XJN
XJO
XJQ
XJR
XJT
XJU
XJV
XJW
XJX
XJY
XJZ
XKB
XKC
XKD
XKF
XKH
XKI
XKJ
XKK
XKL
XKM
XKN
XKO
XKP
XKQ
XKR
XKS
XKU
XKV
XKW
XKY
XKZ
XLC
XLD
XLE
XLF
XLG
XLH
XLI
XLJ
XLK
XLM
XLN
XLO
XLP
XLQ
XLR
XLT
XLU
XLV
XLW
XLZ
XMD
XME
XMF
XMH
XMI
XMJ
XMK
XML
XMM
XMO
XMQ
XMR
XMS
XMU
XMV
XMY
XMZ
XNA
XNB
XNC
XND
XNE
XNF
XNG
XNH
XNI
XNJ
XNK
XNL
XNM
XNN
XNP
XNQ
XNR
XNS
XNT
XNV
XNW
XNX
XNY
XNZ
XOA
XOB
XOE
XOG
XOH
XOI
XOJ
XOK
XOL
XOM
XON
XOO
XOQ
XOS
XOT
XOU
XOV
XOW
XOY
XPC
XPD
XPE
XPF
XPH
XPI
XPJ
XPK
XPL
XPM
XPO
XPP
XPQ
XPR
XPS
XPU
XPV
XPW
XPX
XPY
XPZ
XQA
XQB
XQC
XQD
XQE
XQF
XQG
XQH
XQI
XQJ
XQK
XQL
XQM
XQN
XQO
XQP
XQQ
XQR
XQS
XQT
XQU
XQV
XQW
XQY
XQZ
XRA
XRD
XRI
XRJ
XRK
XRL
XRM
XRP
XRQ
XRR
XRU
XRV
XRW
XRX
XRY
XRZ
XSA
XSE
XSG
XSH
XSK
XSL
XSM
XSN
XSO
XSQ
XSR
XSU
XSV
XSW
XSX
XSY
XTA
XTB
XTE
XTG
XTH
XTI
XTJ
XTK
XTN
XTO
XTQ
XTS
XTT
XTU
XTV
XTW
XTX
XUA
XUB
XUC
XUE
XUF
XUG
XUH
XUI
XUJ
XUL
XUM
XUN
XUO
XUQ
XUR
XUS
XUT
XUU
XUV
XUW
XUX
XUY
XUZ
XVA
XVB
XVD
XVF
XVG
XVH
XVI
XVJ
XVK
XVL
XVM
XVN
XVO
XVP
XVQ
XVR
XVS
XVU
XVV
XVW
XVX
XVY
XWA
XWB
XWC
XWE
XWF
XWG
XWH
XWI
XWJ
XWK
XWL
XWM
XWN
XWO
XWP
XWQ
XWR
XWS
XWU
XWV
XWW
XWX
XWY
XXA
XXB
XXC
XXD
XXE
XXF
XXG
XXH
XXI
XXJ
XXK
XXM
XXN
XXO
XXP
XXQ
XXR
XXS
XXT
XXU
XXW
XXY
XXZ
XYA
XYB
XYC
XYD
XYE
XYF
XYG
XYI
XYJ
XYK
XYN
XYO
XYP
XYQ
XYR
XYS
XYT
XYU
XYV
XYW
XZA
XZB
XZC
XZD
XZE
XZF
XZG
XZH
XZI
XZJ
XZK
XZL
XZM
XZN
XZO
XZP
XZQ
XZR
XZS
XZT
XZU
XZV
XZW
XZY
XZZ
YAO
YAQ
YAS
YAT
YAU
YAV
YAW
YAX
YBA
YBB
YBC
YBD
YBE
YBG
YBH
YBI
YBJ
YBK
YBL
YBM
YBN
YBO
YBP
YBQ
YBR
YBS
YBT
YBU
YBV
YBW
YBX
YBY
YCB
YCC
YCD
YCE
YCF
YCG
YCH
YCI
YCK
YCL
YCM
YCO
YCP
YCS
YCU
YCV
YCW
YCX
YCY
YCZ
YDE
YDF
YDH
YDI
YDJ
YDK
YDL
YDM
YDN
YDO
YDQ
YDU
YDW
YDY
YDZ
YED
YEE
YEF
YEG
YEI
YEJ
YEK
YEL
YEN
YEP
YEQ
YER
YEU
YEV
YEX
YEZ
YFA
YFB
YFC
YFD
YFE
YFF
YFG
YFH
YFI
YFJ
YFK
YFL
YFM
YFN
YFO
YFP
YFQ
YFR
YFS
YFU
YFV
YFW
YFY
YFZ
YGA
YGC
YGD
YGE
YGF
YGG
YGH
YGJ
YGK
YGL
YGM
YGN
YGO
YGP
YGQ
YGR
YGS
YGT
YGU
YGV
YGW
YGX
YGY
YGZ
YHA
YHB
YHC
YHD
YHE
YHG
YHH
YHI
YHJ
YHK
YHL
YHM
YHN
YHO
YHP
YHQ
YHT
YHU
YHW
YHX
YHY
YHZ
YIA
YIB
YIC
YIE
YIF
YIG
YIH
YII
YIJ
YIK
YIL
YIM
YIO
YIP
YIQ
YIR
YIS
YIT
YIU
YIV
YIW
YIX
YIY
YIZ
YJA
YJB
YJC
YJF
YJG
YJH
YJI
YJJ
YJK
YJL
YJM
YJN
YJO
YJQ
YJR
YJS
YJT
YJU
YJV
YJW
YJX
YJY
YJZ
YKA
YKB
YKC
YKD
YKE
YKF
YKG
YKH
YKJ
YKL
YKM
YKN
YKO
YKQ
YKR
YKT
YKU
YKW
YKX
YKY
YKZ
YLD
YLF
YLI
YLK
YLL
YLM
YLN
YLO
YLP
YLQ
YLU
YLV
YLW
YLX
YLY
YLZ
YMB
YMC
YMF
YMG
YMH
YMI
YMJ
YMK
YML
YMM
YMO
YMP
YMQ
YMS
YMT
YMU
YMV
YMW
YMX
YMZ
YNA
YNB
YNC
YND
YNF
YNH
YNI
YNJ
YNL
YNM
YNN
YNO
YNP
YNQ
YNR
YNS
YNU
YNV
YNW
YNX
YNY
YNZ
YOA
YOC
YOE
YOF
YOH
YOI
YOJ
YOK
YOL
YOM
YOP
YOQ
YOS
YOV
YOW
YOZ
YPA
YPB
YPC
YPD
YPE
YPF
YPG
YPI
YPJ
YPL
YPM
YPO
YPP
YPQ
YPR
YPS
YPT
YPU
YPV
YPW
YPY
YPZ
YQA
YQB
YQC
YQD
YQE
YQF
YQG
YQH
YQI
YQJ
YQK
YQL
YQM
YQN
YQO
YQP
YQQ
YQR
YQS
YQT
YQU
YQV
YQW
YQX
YQY
YQZ
YRA
YRB
YRC
YRD
YRE
YRF
YRG
YRH
YRI
YRJ
YRK
YRL
YRM
YRN
YRP
YRQ
YRR
YRT
YRV
YRX
YRY
YRZ
YSA
YSB
YSC
YSE
YSF
YSG
YSH
YSI
YSJ
YSK
YSL
YSM
YSN
YSO
YSP
YSQ
YSR
YSS
YSU
YSV
YSW
YSX
YSY
YSZ
YTA
YTB
YTC
YTD
YTF
YTG
YTH
YTI
YTJ
YTK
YTL
YTM
YTN
YTO
YTP
YTQ
YTR
YTT
YTU
YTV
YTW
YTX
YTY
YTZ
YUA
YUB
YUC
YUD
YUE
YUF
YUG
YUH
YUI
YUL
YUM
YUN
YUO
YUQ
YUR
YUS
YUT
YUU
YUV
YUW
YUX
YUY
YUZ
YVA
YVB
YVC
YVD
YVE
YVF
YVG
YVH
YVI
YVJ
YVK
YVL
YVO
YVP
YVQ
YVS
YVT
YVU
YVV
YVW
YVX
YVY
YVZ
YWB
YWC
YWD
YWE
YWF
YWG
YWH
YWI
YWJ
YWK
YWL
YWM
YWN
YWO
YWP
YWQ
YWR
YWS
YWT
YWU
YWV
YWW
YWY
YWZ
YXA
YXB
YXC
YXD
YXE
YXF
YXG
YXH
YXI
YXJ
YXK
YXL
YXN
YXO
YXP
YXQ
YXR
YXS
YXT
YXU
YXV
YXW
YXX
YXY
YYA
YYB
YYC
YYD
YYE
YYG
YYH
YYI
YYJ
YYN
YYO
YYP
YYQ
YYR
YYS
YYU
YYV
YYW
YYX
YZB
YZC
YZD
YZE
YZG
YZH
YZI
YZJ
YZK
YZL
YZM
YZN
YZO
YZP
YZQ
YZR
YZS
YZT
YZU
YZV
YZW
ZBI
ZBJ
ZBK
ZBL
ZBM
ZBN
ZBO
ZBP
ZBQ
ZBS
ZBU
ZBV
ZBW
ZBX
ZBY
ZBZ
ZCA
ZCC
ZCD
ZCE
ZCF
ZCG
ZCH
ZCI
ZCK
ZCL
ZCM
ZCN
ZCO
ZCP
ZCQ
ZCS
ZCT
ZCU
ZCV
ZCW
ZCX
ZCY
ZCZ
ZDE
ZDG
ZDH
ZDI
ZDJ
ZDL
ZDM
ZDN
ZDO
ZDP
ZDQ
ZDS
ZDT
ZDU
ZDV
ZDY
ZEA
ZEB
ZEE
ZEG
ZEH
ZEI
ZEM
ZEO
ZEQ
ZER
ZES
ZEU
ZEV
ZEW
ZEX
ZFA
ZFB
ZFC
ZFD
ZFE
ZFF
ZFG
ZFH
ZFI
ZFJ
ZFK
ZFL
ZFM
ZFN
ZFO
ZFP
ZFQ
ZFR
ZFS
ZFT
ZFU
ZFV
ZFW
ZFY
ZFZ
ZGA
ZGB
ZGC
ZGD
ZGE
ZGF
ZGG
ZGH
ZGI
ZGJ
ZGK
ZGL
ZGM
ZGN
ZGO
ZGP
ZGQ
ZGR
ZGS
ZGT
ZGU
ZGV
ZGW
ZGX
ZGY
ZGZ
ZHA
ZHB
ZHD
ZHE
ZHF
ZHG
ZHH
ZHI
ZHJ
ZHK
ZHL
ZHM
ZHN
ZHO
ZHP
ZHQ
ZHR
ZHS
ZHT
ZHU
ZHV
ZHW
ZHX
ZHY
ZHZ
ZIA
ZIB
ZIC
ZID
ZIE
ZIF
ZIH
ZII
ZIJ
ZIK
ZIL
ZIN
ZIO
ZIQ
ZIR
ZIS
ZIU
ZIV
ZIW
ZIX
ZJA
ZJD
ZJE
ZJF
ZJG
ZJI
ZJJ
ZJK
ZJL
ZJM
ZJN
ZJQ
ZJR
ZJU
ZJV
ZJW
ZJX
ZJY
ZJZ
ZKB
ZKE
ZKF
ZKH
ZKI
ZKJ
ZKK
ZKL
ZKM
ZKN
ZKO
ZKP
ZKQ
ZKR
ZKS
ZKT
ZKU
ZKV
ZKW
ZKY
ZKZ
ZLA
ZLB
ZLE
ZLF
ZLH
ZLI
ZLJ
ZLK
ZLL
ZLM
ZLO
ZLQ
ZLR
ZLS
ZLT
ZLU
ZLV
ZLW
ZLY
ZLZ
ZMA
ZMB
ZMC
ZME
ZMF
ZMG
ZMH
ZMI
ZMJ
ZMK
ZML
ZMM
ZMN
ZMO
ZMP
ZMQ
ZMS
ZMT
ZMU
ZMW
ZMX
ZMY
ZMZ
ZNA
ZNB
ZNC
ZND
ZNE
ZNG
ZNH
ZNI
ZNJ
ZNK
ZNL
ZNM
ZNN
ZNO
ZNP
ZNQ
ZNR
ZNS
ZNT
ZNU
ZNV
ZNW
ZNX
ZNY
ZOA
ZOB
ZOC
ZOF
ZOH
ZOI
ZOJ
ZOK
ZON
ZOP
ZOQ
ZOR
ZOS
ZOU
ZOV
ZOW
ZOX
ZOY
ZPA
ZPB
ZPC
ZPD
ZPE
ZPF
ZPH
ZPJ
ZPK
ZPN
ZPO
ZPP
ZPQ
ZPR
ZPS
ZPT
ZPU
ZPV
ZPW
ZPX
ZQA
ZQB
ZQC
ZQD
ZQE
ZQF
ZQG
ZQH
ZQI
ZQJ
ZQK
ZQL
ZQM
ZQN
ZQO
ZQP
ZQR
ZQS
ZQT
ZQU
ZQV
ZQW
ZQX
ZQY
ZQZ
ZRA
ZRC
ZRD
ZRE
ZRF
ZRG
ZRH
ZRI
ZRJ
ZRK
ZRM
ZRN
ZRO
ZRP
ZRQ
ZRR
ZRS
ZRU
ZRV
ZRW
ZRY
ZRZ
ZSA
ZSD
ZSF
ZSG
ZSH
ZSI
ZSJ
ZSL
ZSM
ZSN
ZSO
ZSP
ZSQ
ZSS
ZSW
ZSX
ZSY
ZSZ
ZTB
ZTD
ZTE
ZTF
ZTG
ZTH
ZTI
ZTJ
ZTK
ZTL
ZTN
ZTQ
ZTR
ZTT
ZTU
ZTV
ZTW
ZTY
ZTZ
ZUA
ZUC
ZUD
ZUE
ZUF
ZUG
ZUH
ZUI
ZUJ
ZUL
ZUN
ZUO
ZUP
ZUQ
ZUR
ZUS
ZUV
ZUW
ZUX
ZUZ
ZVA
ZVB
ZVC
ZVE
ZVF
ZVG
ZVH
ZVI
ZVJ
ZVK
ZVM
ZVN
ZVO
ZVP
ZVQ
ZVR
ZVS
ZVT
ZVU
ZVV
ZVW
ZVX
ZVY
ZVZ
ZWA
ZWC
ZWD
ZWE
ZWF
ZWG
ZWH
ZWI
ZWJ
ZWK
ZWL
ZWM
ZWN
ZWO
ZWQ
ZWR
ZWS
ZWT
ZWU
ZWV
ZWW
ZWX
ZWY
ZWZ
ZXD
ZXE
ZXF
ZXG
ZXJ
ZXK
ZXM
ZXN
ZXO
ZXP
ZXQ
ZXS
ZXU
ZXV
ZXW
ZXX
ZYA
ZYB
ZYC
ZYD
ZYE
ZYF
ZYG
ZYH
ZYI
ZYJ
ZYK
ZYL
ZYM
ZYN
ZYO
ZYP
ZYQ
ZYR
ZYS
ZYT
ZYU
ZYV
ZYW
ZYY
ZZB
ZZC
ZZF
ZZG
ZZH
ZZJ
ZZK
ZZL
ZZM
ZZN
ZZP
ZZQ
ZZU
ZZV
ZZW
